Generated matrices
Pre-warming
Starting host matrix multiplication...
Completed host matrix multiplication.
Host multiply elapsed: 0.545733 ms
Starting naive device matrix multiplication...
Completed naive device matrix multiplication.
Device multiply elapsed: 0.233968 ms
Verifying results...
avg diff: 0
Starting shared mem device matrix multiplication...
Completed shared mem device matrix multiplication.
Device multiply elapsed: 0.188173 ms
Verifying results...
avg diff: 0
Starting tensor device matrix multiplication...
Completed tensor device matrix multiplication.
Device multiply elapsed: 0.183394 ms
Verifying results...
avg diff: 36.3919
Actual Matrix C:
265922 119387 148501 -247333 75162.4 -17035.1 168409 176982 177265 -189027 -207790 377926 11009.8 280195 173747 79397.5 -44508.1 -72433.3 2512.28 -89871.2 -25086.5 -29688.8 154542 -302561 -356413 -99276.5 96490.8 83500.8 -112276 21312.1 53304 291.637 -59400.4 123922 368569 -110216 144152 232015 -427.377 -86735.9 324191 -70595.1 13954.3 146688 14483.3 -314285 57328.9 41759.5 27002.8 30013.4 -244000 -176642 148733 274164 -148355 -316450 284077 177875 -421163 92313.3 181283 -15098.4 -200173 162491 
226675 -4043.06 -234151 9590.16 -155119 99742.6 122214 -45863.3 -145417 12447.7 5842.3 -151178 -197424 181073 -112030 -3566.94 -14118.6 138967 127491 -170677 -242374 -8317.48 -67730.6 -109685 -157246 -234820 -247484 -34027.6 -94978.9 232716 -300180 -39077.4 -154245 -136153 -233424 -201713 90645.1 -103700 -90833.9 -184289 -200377 -124241 266800 69251.2 54731.9 -16061.3 -209734 -317274 164606 91680.3 -30761.9 106524 -195572 -570504 -298537 93254 6459.6 109237 63652.1 -203075 74440.2 211182 306703 162203 
35448.2 86173.1 31388.2 -6861.53 -223761 -76802.4 4446.77 147343 83250 34370 -29078.6 154387 -190183 234794 62517.3 -31270.6 -54261.5 147113 -51370.7 385750 -62953.9 9978.27 167065 107880 -436204 -176860 -34170.1 3973.55 115989 -74099 -128464 45565.6 -3243.08 146216 162178 127947 -102744 91102.9 159701 -73548.2 113005 302320 139873 13755.9 301457 144804 -23241.6 370798 80088.1 105632 -136477 31803 -82222 -205921 -156750 -136576 76978.3 197446 337405 233401 189777 -110776 -12171.9 37287 
-42042.5 321430 -157357 -558012 142102 156825 -141777 -216338 40952.6 -87360.1 189334 179494 -185353 -75776.5 87323.7 138381 55625.7 -50700.8 -102597 124022 -327054 241545 66177.1 -232650 -353533 -1284.2 2769.29 178439 -124242 -204149 -127602 -84607.3 21070.8 6535.13 -218158 -164356 -37733.9 270162 131439 80206.4 -5726.36 222856 36639.3 -23622 6403 -27984.5 -78431.3 69518.2 -210091 70806.9 6679.66 333461 106816 162816 -93763.3 177368 -343289 49724.3 -115688 -99200.9 -82647.9 120432 -212942 -320643 
236026 -193480 374234 103351 -203217 -303750 132654 -401370 12713.7 -190827 201272 50108.1 -100340 23866.9 206169 -61828.4 -259314 128974 -43378.6 384648 7583.41 206324 -61968.3 139433 -239942 -332810 249916 -70816.6 -138058 -124909 -123865 -336808 -211235 481566 155479 -260776 111965 227217 23868.1 -296996 103112 113722 529899 285432 -130666 107395 50076.1 -34500 257774 -181464 -145655 63104.1 -403132 -224685 167858 196375 13943.1 -52067.8 135388 -254701 -16861.4 -44989.9 50102.8 202482 
65111 166079 103292 248273 199241 70168.1 333892 229243 -152183 17017.4 500809 36352.2 45988 451296 81746 -6891.58 -1908.38 196952 -128574 76259.6 -271902 -91494.8 180208 -253519 147556 -145728 -159371 159753 188774 -11883.4 6180.1 -85295.8 -147746 244141 -21974.5 -287108 -61807.2 209171 233279 136600 -157425 -206042 18640.1 -231278 -86754 18460 235607 -251348 203763 -1512.1 -145574 -187026 22022.8 5918.63 -114741 -210148 -31021.6 -229437 69490.2 110839 145541 -135301 73077.7 -106478 
94558.6 -15325.7 -94536.4 -7138.45 38501 132950 -266399 -145898 -16942.2 -7587.04 -87731.2 181674 -206458 -16725.2 -4379.21 -22818.1 -140247 268869 -187061 -37970.6 -7062.03 -87848.9 -141838 282182 -389014 178634 -12120.2 234689 2874.88 276211 -102676 42746.7 315175 80798.1 -143217 -53273.6 -117995 -32406.2 -187109 58143.3 -133435 91560.7 267286 63602.9 339872 -50648.2 -223674 152051 -334.442 179358 85556.1 -215875 50933.1 60477.5 -47778.3 196813 -216620 -88361.8 172741 42204.5 44156.5 101854 17323.3 150604 
-131664 27635.7 -68388.4 -311.605 336893 213855 136374 -310606 -105704 -315465 132633 -163559 119299 215541 -93626.1 -119092 105115 -68250.2 92664.4 276803 6041.39 -21282.7 133491 63033.2 149266 66692.9 92389.7 -264815 -63757.8 126338 488009 -130391 -82730.1 -101066 38443.7 264532 113977 68988.1 -58154.7 27766.8 496494 95407.9 216429 193908 2839.89 -285575 -302192 40030.7 -389920 -212346 -247191 -402709 -106132 140835 49438.1 -296900 -238032 126630 10836.4 -231892 126410 -13889.9 224857 -127570 
-153995 145352 -65236.6 47138.5 121955 -183653 -32591.4 139043 -167608 83938.1 -337759 18177.2 21955.4 132026 127948 69381.6 -46530.7 281774 -70626.4 168197 292698 -3617.51 -128011 280412 58933.4 173141 -15483.9 70665.3 -183890 201774 -39304.4 49231.9 90403 13512 202856 -188546 98577.2 -219169 -149684 208741 -12154.7 -27973.6 -12253.3 65970.6 33210.7 -282569 -336154 138340 -103313 17025.6 95714.5 -58860.2 -420375 -34821.5 -233284 -174482 -208456 -276549 116710 2693.48 -17357.5 100383 -79161 213420 
-424460 280186 117463 -194426 137293 -147110 351286 -79001.2 -1197.8 129080 -179110 -191396 -144683 38876.1 80593.4 317939 344367 -266150 308065 479090 -159222 -183058 -202662 -308815 273899 147647 265495 84016.1 145367 109042 78651.5 -32832.3 115084 2541.08 84874.6 237427 104102 161738 38974.5 -97736.5 17916.8 534418 -228993 45738.6 127388 -7695.82 -231180 343857 95716.3 -100032 99414.6 -53800.4 27454 163702 104803 -17117.8 138177 107933 -439852 56555.6 134922 -54672.7 -90043.3 -86778.9 
-62846.8 -78385.5 -303734 -27119.4 -129371 364063 -283816 197572 145579 2363.99 664.992 287228 47057 218873 -82390.5 -145886 53288.4 -203032 166961 -301554 121356 317149 -222170 125282 85402.7 88606.3 33906.5 -238489 101964 -212327 50487 85385.5 75759.6 -67796.1 -78727.5 132879 147367 -105597 171140 -26401.1 -200638 -329455 93790.1 -39592.8 -1657.72 -159548 363950 -62240.3 15442.3 -83908.6 160834 -95754.5 -95596.6 97709.7 151212 -180714 34773.8 -182008 262995 111201 40821.1 -252229 -8154.93 -43546.5 
58833.4 38751.7 -4891.54 128357 122718 88058 258048 -288402 -293935 -184369 423833 -171103 -51329.4 131659 -232802 -32867.1 295898 -108951 34550 98632.2 -215743 60130.4 125973 8596.68 -54617.4 -121145 -124289 25801 176017 36989.9 -38195.8 34540 -279168 -14678.7 -363787 -226103 -214872 238338 -74575.5 150104 169066 -201756 -52251.9 68195.2 114162 -113247 100186 102079 36093.3 -64653.7 -254438 58241.1 49022.6 132831 -4158.52 -135602 -101743 180750 48620 -168183 -2166.39 6605.59 259121 -54663.7 
180182 27418.5 94144.3 60987 -3884.67 31717.2 -107379 123024 165737 137385 330586 -175427 1496.75 -325532 -114406 -71049.3 -35240.3 -265624 226152 -295716 -57811.3 67786.3 -117169 -91386.5 214596 -250374 -140617 -190031 -147870 -77185.2 -104727 76710.2 -332494 -44455.8 42235.3 54060.7 -16601.4 -132010 255922 -106665 -184321 33097.7 -84084.9 391763 15657.3 199513 121025 -27233.9 156573 -147123 207577 -4426.79 145434 -101186 269343 388561 -56458.2 302045 -211801 -136781 -51621.4 -102969 -251262 191166 
-261788 63801.8 -242319 96236.7 146722 12406.1 -396310 -36134 71118.1 195935 6582.45 255668 -295837 -191624 -244363 -249156 -263537 -247884 -132567 304618 23159 146967 -121068 242803 -58618.7 327220 -195503 67800 46180 -151068 -29866.2 141316 361682 73543.5 -32958.2 22518.8 -21754.1 -280168 -136664 1738.02 231815 46710.4 -278476 -35425 206956 19241.3 -50143.3 108459 -58473.6 95726.8 254493 -195573 -347095 -304074 222105 355688 58643.6 -425451 458924 -307873 -58470.2 -89660.8 68911.2 18807.1 
164429 -36128.7 -237060 10295.9 -117326 -191059 -20467.2 -241466 -111900 88013.6 534648 -563338 23581 -98820 -285963 -277327 -68477.2 -154178 374493 -19051.6 -113928 -97566.6 -141017 70433.4 20179.4 54836 177546 -44542.1 256907 164463 -17769.2 124657 139649 98480.5 -37884.7 50226.2 109095 -79320.7 97599.4 -113862 17742.3 -237907 135665 -44253.1 -225360 499563 -35089.1 -189807 -213552 14194.4 -56118.1 -78593.2 93574.3 -131407 -30349.2 152189 -156852 -23940.4 240265 -239445 -11444.3 -119601 549904 6428.5 
-116626 49740.3 -79305.2 25976.5 53984.7 -87915.2 304352 47744.3 -143126 161734 -182239 -331937 -12756.4 -233795 27756.7 -278875 -27244.6 60969 13358 52449.8 84346.8 -62908.3 -140034 -156946 415164 176698 24433.9 -320774 114891 -78044.2 73077.1 228940 63438.9 33478.8 243844 -136248 -150763 -371357 -43996.8 -209410 120795 11179.5 -109826 36910.8 -315875 292405 86547.4 -248785 -21418.3 39808.3 228961 -24652.6 -279174 -138629 -22471.1 109516 -211313 -72831.3 -263225 -117559 285045 -100824 352980 -302325 
142073 -134501 -272211 -72180.5 19895.7 -111172 227524 45397.6 -69252.6 68876.7 -242977 203695 -301336 53771.9 202560 173074 157202 -65935.6 -292531 -81693 -167214 63677.2 152673 69541.4 -79191.3 -86928.7 -639.754 48846 -39782 -38805.6 -205135 217821 -116252 165702 20586.9 -34612.8 -127536 -23967.8 242747 -126640 -306608 205759 -107019 -184168 -161792 -562255 -314229 -68852.8 -223491 96554.5 149146 -90957.8 -38076.8 -113857 -66408.8 62885 -165456 -47789.1 12472.4 25206.5 170836 53458 -130509 92196.9 
169257 -122554 -248617 92868.5 -208155 -218810 -9217.22 186054 59127.7 49326.3 41158.8 -202775 98749.1 -324701 -85412.2 -132490 172010 -144466 -64224.4 -184186 292823 -259312 319194 239484 -70943 -228948 -116518 -1427.77 232876 211576 -17553.2 108029 -38330.8 21196.2 10484.4 422554 126874 -272849 128301 -97323.8 41257 47956 -144774 20727 7837.46 -15327.7 -310746 -91873.3 -208133 -14640.9 -268375 -97547.8 154279 39784.6 131701 150555 -72771.5 156008 200181 -86171.2 -113644 -36380.2 106970 155431 
-84987.7 105612 -39662.4 206923 -129723 -92086.1 111137 114842 -227906 -227023 87287.3 -418191 11895.3 -170816 -10903.4 332960 286798 43599 -4477.25 -84266.9 -296537 -12464 -190608 -139341 75337.4 23150.9 193062 -262528 121684 6348.65 135157 -23094.3 -240964 87997.1 -83426 87732.6 108971 -61409.2 -129739 -2007.87 -108687 -66511 103640 61903.3 -191165 33409.6 -121223 -308578 -20107.7 -40634.2 28829.4 -213549 120897 -310006 297961 348032 -136652 -184443 -69250.6 -88964.7 -266077 -213233 94488.9 275883 
230362 85215.9 22966.5 373567 -29604.6 -55434.3 -87288.7 395530 -6391.34 -160870 11676.5 -65729 123230 -198687 107686 -25277.2 -591.672 -2566.26 -235943 -389016 -555.98 105633 -268556 100121 -109684 -63332.9 -174705 -15314.3 93841.4 -78242.9 -295773 -292578 -46989.8 -39971.5 3926.29 32853 163132 -271638 -199666 242545 -390160 -65012.6 -162491 -49910.9 -20770.4 -74479.6 142776 -179936 180254 234888 80972.6 35313.3 160896 -149945 98212.9 52027.8 -5684.81 -250465 4553.25 229040 58799.7 -202501 -173416 177174 
-74062.5 -267150 -344436 -114515 -141351 81951.2 318320 -148075 -51885.7 -18755.7 338443 -289094 164676 258484 -254219 149269 -92374.4 90196.3 403845 -98283.5 -337235 -142400 19145.2 72870.6 -128874 -22983.3 70153.1 -267987 21388.2 157733 -216897 75125.8 139522 -111513 322679 -24568.8 256542 300649 192451 -328518 -275058 81576.5 -146223 161870 -456591 214625 81174.6 33557.9 -150619 264770 159677 1304.17 250374 578139 381782 20306.8 -129345 229872 -190883 -19156.9 108677 -467875 283822 -76986 
-58580.1 -199579 -38731.7 78498.5 48590.4 52701.3 122172 -488030 -387735 156466 197629 -283984 71773.9 178039 -292005 -156504 -98267 -338748 169620 347994 -74338.2 162855 -253960 -145480 -24567.4 103669 150144 11070.1 348948 131505 -20297.1 77292.8 -37451.3 164666 167923 -101380 -110266 238172 186138 -259167 200106 -154313 -419388 -92431.3 134501 215482 405504 -162787 84757 -36371.2 -152532 263414 128953 -187217 107969 201907 304352 -38460.8 -172331 19362.6 194382 -348975 167609 80817.5 
170785 262269 22969.4 48078 276634 123590 -456836 -116099 177251 -282202 295213 443.393 -191828 -198626 97766.2 -226340 99844.8 8100.09 -92361.9 110130 -117145 7672.3 168334 216697 -247414 -30785.8 -111041 9170.71 103753 -198826 -59467.1 -174284 -38046 178799 -170903 79533 -13798.6 -109154 -55466.3 159456 255495 349465 385155 33230.4 198288 -442211 14405.5 64623.1 -58165.2 46788 -302016 -161134 16505.5 -237884 -5813.37 95710.6 -170955 148933 247931 -174625 13083.9 216593 -232706 -131253 
229188 -327265 33381.1 -47025.8 27597 -136971 -37673.8 -70605.3 -72188.5 -44546.5 152035 -112653 14508.9 228890 -115923 -148941 23151.2 -277403 9155.07 244930 242294 -87609.2 -96956.1 168144 -186359 27934.8 161482 68612.5 110266 263120 -103581 117883 102336 282579 -73605 127138 -65369.7 -46087.6 21882.7 -81490.1 -73923.5 -385080 -66457.8 151268 95131.3 210877 -70309.5 241507 -110859 231252 -222767 -51231.2 -50015.1 311606 -123763 300592 -122999 -77218.4 238450 -65464.4 52848.2 -206630 115443 -43423.6 
-304396 87337.7 -104771 -88848 115099 129656 292335 -244159 160401 -4704.93 -25845.2 -152280 -318017 -22168.2 -158694 -312117 -140385 -74234.8 -7035.66 349784 -157400 -161558 -145332 -71656.1 274712 210599 81203.3 -180688 268542 85828.1 -47021.6 254115 34246.4 39092.9 12165 -3909.75 -272361 -596.957 34298.3 -116755 172164 190834 4163.88 -68844.1 -68553.9 -157161 -224308 184035 -108794 251679 -48975.2 -364645 -434005 -45860.7 98774 18790 -356912 -44131.1 -83179.4 -381735 288873 43281.5 157843 -398492 
-149081 -6701.48 268600 73615 -101161 134675 -294724 59689.9 -54058.9 -114457 185801 -72711.8 -4155.65 -317230 -151431 50782.8 -210173 178952 -71495.7 -63040.6 92891.1 208740 -229074 -73975.5 106178 3115.32 -30278 33030.7 27092.4 -277142 -135937 -22864.6 -108517 162.306 -120347 -78.4492 330845 19423.2 -35893.9 123266 -157312 -231752 94396.1 62565.6 55500.2 198226 -4684.62 -116909 -63540.1 -99921.3 15005.6 310587 129162 -169477 131897 -167146 105655 -157671 14083.4 -172828 -120664 118404 -219331 56593.8 
41815 -148756 125017 -103582 -74747.6 -402603 88089.1 -123891 -16987.2 -232430 -86654.4 -117176 114241 286528 381387 207990 95920.3 164394 72755.5 360453 -180642 99621.4 23252.7 90221.6 -125158 83684.2 181360 153880 -366628 182903 -164314 -154958 12867.1 -75148.1 62497.9 -384907 138572 188546 -12295.8 -223343 138842 72436.1 342926 37719.3 -50407 -290380 -152733 -50896.8 -110977 218730 115681 182870 -103504 316105 -297287 -151095 -85988.1 -56748.2 -79019.4 32947.9 -46331.1 258602 104274 28690.1 
74420.6 -50425.2 -512611 -146156 -132939 -241568 304239 239782 76455.6 97566.8 42017.8 -156712 116655 243391 44985.6 -87354.1 -13842 129218 176971 -43562.3 36839.7 -72461.7 -69290.7 -137225 94733.1 34545.6 187678 -198851 -196934 221298 -31575.2 162176 21628.6 232519 138633 -31399.7 -304668 -91410.9 -43119.6 -221056 -58645.4 -266181 -126639 109768 -538050 -46900.1 192439 -61325.9 -84732 -64440.3 223542 -412187 -297041 41599 -198342 -86806.7 -173320 37280.6 -155635 -170096 67348.4 -133506 370553 250505 
-161273 61351.1 73103.6 183267 77986.7 -163883 -116223 -360419 -136342 156474 155246 -70947.6 70465.4 -197589 -5971.17 82567.3 -16568.6 -27270.3 -26966.8 106792 -61014.5 -33186.3 -246079 221000 -90614.9 47782.1 128457 188889 184829 332119 121789 -404453 181331 30334.9 -273650 -24657.7 47865.5 -45512.9 -208624 98743.2 216141 117122 38427.1 -3695.99 148693 376066 90919.7 282233 134446 -110776 -48741 -220216 113594 143684 368111 16155.7 112535 -230723 10102.5 63332.3 -155829 -200899 155920 -105948 
-25269.6 90593.5 213035 -224129 -68754 80445.1 -264277 -317622 392849 -25111.3 -237105 267474 99566.2 -331082 -68747 -96727.4 -115385 23072.4 235944 -410503 127100 217044 71441 117265 -94992.5 -120096 235980 -180357 -544792 -148815 144673 -90083.1 19015.4 -282690 201517 109456 8508.11 210573 87740.2 221518 348482 -61079.9 130223 205735 -14958.8 -282224 89792.5 -30123.1 -34560.9 -28447 -22593.5 -72593.1 -100519 135028 285864 26216.8 -27849.4 211822 -236094 -196170 -271770 126846 -360049 318829 
-89534.5 142246 100276 -155760 -39278.1 -110287 284820 134936 -50603.3 -125903 -187163 -315910 -155703 40930.4 -64851.1 71918.4 230726 80158.9 159695 -187775 -98081.2 -277447 -288451 -318256 438202 450776 239530 -51519.3 187914 -90062.7 35929.8 275122 -69580.2 -270730 39184.1 86960.8 -316539 98780.4 -21262.5 59444 116919 69178.8 -28252.4 82571.5 -123039 -109848 105582 -80074.6 -211192 86927.6 124530 86750.4 110133 284754 -204775 -251039 156499 101721 -285109 -180610 100724 195481 156472 -401928 
-299442 5932.66 -145334 136615 181782 135481 115546 195291 -269276 191397 162963 45857.2 189329 54470 -339525 60519.5 70963.9 26514.3 21089.9 25737.6 -13745.3 64804 -179262 -29414.9 336596 223983 -145879 293647 77965.2 84099.9 -14714.7 -213521 -348812 -110693 -258280 -10303.2 182458 -396036 -124973 209435 228018 356.027 2045.42 37321.2 -184508 38156.7 299758 -157354 5164.96 -101049 219833 82256.6 24653 160021 58931.2 -761305 70791.9 -155318 360377 -163176 -106915 248063 -72597 -393940 
-565154 -236858 571641 87147.5 -159188 -64928.2 173703 35951.5 126735 -2699.4 -330326 -247756 313875 -225974 -34286.1 -66209.5 44449.7 368322 -226510 261526 261249 26036.7 21593.6 -111174 202429 83770.1 199941 -63617.4 -171232 145237 -16708.9 -256780 192815 -86868.6 265583 76998.3 -136785 186148 -171006 -16363.8 311909 105806 -19204.4 246439 11255.3 103656 50348.5 65113.8 396320 354426 130229 -1052.75 -382356 77854.5 -9422.25 109779 360914 203838 -188115 44405.2 6235.5 8833.69 67130 181493 
-332561 -70625.8 -21414.6 267852 315979 -277518 -46203.6 -166920 -143301 54522 450241 -266576 -198867 21729.6 -351455 312155 423249 -120557 58835.2 433269 -206834 -50065.1 210206 322160 148385 46351.5 -306589 -137700 249443 146923 15880.8 -78950.2 -10672.9 -130791 -452881 229250 122059 94077.6 275947 -137418 -155986 272298 84931.2 -2250.67 148277 -75320.2 -185824 201708 -83588.5 -67861.3 131084 383630 95950.7 -8974.43 70408.4 245970 -52078.5 -25424 424716 -158156 213115 -304879 179455 -42841.3 
-122249 -280374 -211952 -95586.4 10899.4 18054.1 -156085 -98676.8 180900 239663 204309 123451 245072 331364 61499.9 -158056 -163654 116793 -23859.7 144164 -88234 -35443 160434 408075 -79651.3 -12222.1 -426391 86126 6731.84 181317 47796 288150 143431 -156127 120624 -153417 296459 33224.2 204075 -102499 -209867 10962.7 -33409.4 -92892.4 -80734 -47016.2 -157593 92966.5 -878.662 -129671 127362 -380304 -33560.7 -103272 137881 -218324 -32540.3 -150785 273424 124922 95343.4 -92444.2 68087.9 312660 
-306789 163607 -99853.4 9504.7 2880.2 82868.2 -385248 239998 204113 15469.8 219176 -189076 -107923 -282145 47853.9 -1763.34 -163846 140068 101491 12772.6 62518.3 -244903 62538.4 250254 77722.4 -30535.2 -133266 19917.8 -69767 111979 -45344.4 -458.197 -148089 135375 -226724 76012 89249 -81678.8 -203463 176876 160140 49585.6 277992 87081.1 -24005.3 44348.1 75371.3 276717 124349 -112594 164077 58453.5 -244545 -71349.6 177207 -235410 -357065 43382.4 217898 -43656.8 -66057.9 271294 99917.3 -94661.9 
-179218 111602 106574 -180606 -3654.42 -170997 3988.43 -42889.9 155266 2965.17 125348 -101371 179385 -73165.1 -68838.6 77225.3 64873.9 -151508 217194 76311.1 42289.6 56939.4 -276178 -5806.34 390596 211376 13521.5 83214.6 -83064.7 168238 171302 -40253.8 56451.3 -120950 356855 153578 -147797 33984.8 159289 285376 -54856.7 -17308.4 -42576.8 25498.8 -43876.2 46675.1 41960.3 1016.18 -51207.2 -9839.73 55901.7 -221899 -240234 131789 184572 111022 27917.4 -234072 213640 -184384 -157549 -153747 600.629 122502 
86049.7 349309 42377.1 -37255.2 141654 -87321.1 -206790 333783 245666 105232 -119479 357584 -217594 -207947 129070 -143125 -341704 337934 -252474 98794.2 -33905 -273929 258588 -135521 -156925 -124132 -242230 148345 -43474.4 -82540.2 -46401 -99929.9 54851.6 503495 238178 26033.1 -126269 -47906.7 -176604 -76730.2 100028 224242 182272 -103049 44843.9 -41295.3 -205292 56054.4 147160 -24981.7 -126328 -249858 -491249 -348506 82254 161900 3498.68 -305113 131425 -110831 130249 15764 -73552.8 46837.6 
-132250 -143603 -129956 10709.2 167094 12310 91760.2 -114309 -126982 2367.06 410367 43929 -246397 40735.1 -256237 138238 35612.1 -228019 -114699 49533.7 67916.4 -183050 205473 63192.4 122688 174938 65521.3 39520.5 154021 123556 96468.1 99357.7 60332.7 180002 23300.4 343280 -16676.2 24394.7 274033 255055 -206148 -52971.3 -114841 -18549.9 95215.8 -195979 -302486 -39488.4 -289149 -60122.9 -127409 -48775.4 120504 115042 -67623 13493.6 -33313.8 -74039.4 315007 -50694.6 -88002 -160204 -77261.5 54733.7 
-147493 207502 -108722 143098 -84092.1 108689 -163487 -136959 -3292.25 -107229 -77259 -50181.7 -123705 -22092.5 -217571 -6821.92 -79875.9 312540 -84357.3 -417147 285863 254735 104029 82089 -130883 347999 159194 -61622.8 -59002.4 -249207 123666 152736 414458 -136857 54018.1 -175838 40047 -23575.4 -165172 518879 153790 -230089 -44483.7 47493.2 45559.6 -126002 -44808.9 -111123 -216273 315080 165440 5843.67 16687.7 361496 72733.1 -137902 156302 171388 221723 -37761 -282421 230172 136578 -161313 
259934 -45127.6 38437.7 130199 94032.7 -56097.8 -176578 -51679.9 94069.7 -71159.8 -76675.6 197776 -228948 16304.5 268828 122366 -53538.1 -71297.8 49142.3 30701.9 -189356 154552 138608 278776 -321423 -334930 154407 7128.41 -128406 -142289 -357606 -122042 65701.9 156347 12474.4 31243.7 190458 211730 5633.59 -215830 -76823.4 108657 -33067.3 4557.26 50793.6 -43895.2 59043.4 78504.2 108016 47844.8 49160.2 -13899 178943 200554 184383 293014 -86725 -58484.5 -175932 -17539.1 -19368.1 160103 7705.34 217587 
-50401.8 173202 212177 -7086.26 -2308.77 31372.5 16025.5 47247.5 319745 105079 -146666 155519 159025 -67325.1 287489 -199664 -191577 -94149.6 180924 81422.5 121568 -222471 -214485 23303.6 54770.7 160369 42072.6 25792.8 -128035 150920 215198 -107553 28757.7 -34579.6 128618 -89231.6 -82207.5 -156761 -206760 78949.3 289305 279115 308197 66984.2 10028.2 53170.5 247587 260530 288044 -162014 -110335 -287972 -66044.7 145911 258177 -252145 48263.2 86340.3 -320674 -25267 140000 188271 -59084.6 -78817.8 
62027 405319 56261.1 407816 116951 -320240 -155764 2816.47 -263198 -161434 -99142.3 16421 -407388 -168580 -235996 25818.2 334693 153568 6642.61 -342463 -73139 12994.3 -12855.4 148339 -97251.9 13346 273254 -110409 248682 -325347 -63796.2 -258175 178886 13173.1 -318784 165035 4156.04 45107.9 94736.4 1127.01 13329.8 -56997.7 74201.1 -224168 326906 40022.7 6190.06 84883 -39978 9889.5 313728 58868.3 148881 -197786 9845.8 131565 121266 -269335 330729 81087.2 -210904 134677 270983 89676 
6245.02 3204.6 -97665.5 -78509.2 -88274.2 -183267 232402 -180498 -215088 70169.3 -61372.5 97706.4 69989.7 56749.6 71710.5 343970 69265.2 -47703.3 128173 -218669 -89591.1 -10947.6 -148418 -182080 -197991 -116024 -164909 27037.8 54771.2 200857 -102997 -50882.4 -124748 -139270 -99195.8 -382869 -58431.9 -46841.8 126942 18250.9 -338126 -59174.1 350403 -37327.2 28518.8 -79788.3 -39190.3 28692.5 -48053 -136747 252915 152197 316269 -58517.4 156184 131385 178343 136908 219814 296812 -411571 86231.2 -43785.3 240761 
50579.6 196293 -99154.4 141370 8117.36 72566.3 145181 167273 22501.1 -385838 354429 92571.9 -198180 5359.73 -177592 308241 -51805.5 36596.5 -253340 66799.1 -31723.7 22411.4 -147473 87203.7 -163718 -238013 33521.6 -136614 108752 -190753 -201280 -177825 -59622.7 324304 67040 346417 338801 -94993.7 56459.5 -124163 -424661 73921 -288606 -185506 116686 119697 183130 396590 -328813 44694.3 -17616.2 -22355.3 222678 -181566 305296 39111.4 -67197.2 -60720.2 211251 -67866.2 -187850 -353996 -213417 -140022 
233053 145881 -44291.2 244469 -104607 -279861 96543.4 -63074.7 114800 -229605 -308992 257276 178970 -142658 -45142 191641 233655 454507 -322055 -174250 -71184.5 72764.1 158757 120097 -40775.1 -50817.8 -201319 264499 -268261 -217995 85121.6 -132351 6825.01 -37864.8 -102370 -22179.1 -317863 -161627 -154416 87197.7 7540.13 190328 -225946 -147411 -196850 -50810.5 28084.3 -76591.3 -22593 93220 -106550 -129664 11584.6 -18015.4 45703.5 154572 129108 46973.6 32176.3 -162005 -249408 187716 -93942.1 -33537.5 
-1410.14 -170412 69696.1 154775 153699 269153 -195509 45377.4 -146541 -236284 -365432 -552784 -8068.05 -222816 144581 -270963 1909.08 131184 -100793 154901 138989 -13890.2 -108081 -260138 295839 460471 54929.9 112190 251039 27048.7 -60172.7 91347.2 185301 -198172 -259704 38277.9 -124093 113239 -87468.2 -171456 28321.7 82820.8 -13978 161172 85751.3 -19733.4 -233399 -159332 58262 113639 81691.1 -110037 -169477 -81019.4 -195915 403366 -50515.2 -85414.6 -388811 -50032.8 180490 -4584.02 389201 -166359 
1388.45 -72129.2 232974 156776 -13745.5 -94449.3 -156185 43223.4 -127266 -28107.5 -115753 -121537 39962.7 -363038 -98206.5 373305 86689.9 248961 36060.2 -54715.1 -19857.9 38480.8 -26446.3 107436 72911.1 3684.83 -111343 112013 17279.6 -133969 -202248 33479.5 -68420 -163910 -181718 87769.2 23354.9 -170622 -40618.4 191803 -131495 -143093 159421 40756.2 -26621.3 362318 -145154 -172531 -155715 -149776 83178.6 245277 122740 5605.09 130376 91877.4 249954 73763.1 80107.7 -185709 -247377 16816.3 -116616 -80214.4 
-173525 60866.3 5161.97 205752 147774 59212.5 -95051.9 76500.2 -226964 -3124.55 -125013 -28535.8 -188147 -98001.3 79674.7 288943 145950 114655 116689 123481 -34476 14113.9 132620 153885 334535 82346.2 60485.4 -274052 -54797.6 -170966 -120441 6062.17 -437262 254697 -68234.3 177169 398921 -173602 -287497 107201 264554 211813 -209018 5325.11 58494.4 -184657 -193419 -78329.5 -63542.3 -195878 6035.86 206888 -224054 -114078 282112 -22889.7 120046 -178090 -247581 12137.3 -143304 107015 -10801.7 -12656.7 
-12010.1 146302 209213 -325579 82394.5 109986 -14268.3 -51815.8 -46255.1 -193045 -153238 179809 -1630.05 25054.6 194002 167774 -42290.8 298090 137027 -180238 -85133.8 -156839 -304967 -85899.3 140830 197800 95266.3 254454 -87839.2 119126 38785.4 -157449 -172098 -155266 111655 97727.7 -55612.9 163886 84825.1 193674 122007 21779.3 279477 278182 64351.9 149318 77772.4 68267 41789.5 65584.2 -129543 -204063 152121 470465 -121948 -165040 -67037.4 -42009.5 -338702 51755.4 94381.4 -30436.9 -121771 -29231.4 
-162965 -173546 115228 -374080 -7297.37 -56496.4 284280 -4052.84 310733 51065.3 154568 105483 339045 191072 -44913.5 34677.4 109468 -247675 -72485.4 -46416.6 109006 -62327.5 -7521.59 -179403 118839 -30052.1 -167523 9404.14 -277212 348029 142494 -50822.1 -185412 -104164 5722.94 -59993 -325329 199956 373404 18692.3 -95565.9 -205211 -53932.3 63822.2 -179672 -109141 392586 78125.6 163217 -33923.3 -33155.9 63144 -170417 117911 -14777.9 -74137.2 -18292.3 155683 -48089.3 12112.1 115527 -195489 -129806 -5415.58 
-65691.8 81928.6 116271 -4937.71 -183933 -142559 258745 72381 -262667 101929 12448.4 -411810 -158213 -150016 38554 -95022.6 320481 -61946.5 298161 143433 90246 -213184 -5699.41 -13294.3 -93482.3 -250132 353933 -65025.4 23394 252445 -151214 -338132 -145997 56691.5 -186509 148377 -31847.7 74620.2 -101884 -71919.7 224765 -32713.6 113716 21691.6 150347 18313.9 -67187.2 112497 308067 46174.5 -33821.4 269130 9914.68 269771 181318 -162820 -111179 13069.3 -74831 20600.2 261293 89448.2 361066 -44936.7 
78933.9 -343324 -102990 80367.8 -162301 195760 -51033.9 269723 163154 59114.4 101105 106677 263358 155980 -197776 -142428 -594272 225635 -318202 173697 -209266 27825.4 13504.6 34713.7 -34773.2 -23565.1 -298691 202024 -29980.7 -278049 22156.5 -121265 -17819.5 82993.6 188046 -124823 -43199.9 -140321 -111028 -365529 -21846.1 191016 175992 -19173.5 -315709 454903 13371.9 -268290 -66605.7 68391.6 29579.3 -140808 -21417.6 -586241 -146483 984.651 75845.6 -23384.2 183130 -247240 20812.7 137289 -426438 -209951 
247929 56435.2 -106158 74438.2 -79057.7 -73147 95656.8 -15979.1 -56026 -144267 -170530 53070.9 -7306.57 150436 -128899 319309 139038 -166287 97403.7 -113205 -224796 -4230.86 -128984 -142513 76496.1 15792.5 117757 145384 -92671.8 -142817 -148392 152360 -331449 167426 -214216 99171 95673.9 -220974 -52420.5 79928.7 -82327.6 -94465.4 -158084 -183822 15052.7 -264334 9584.16 -11351.8 -176148 119703 -101317 224023 198869 39506.9 117252 -281773 158609 88935.1 -14519.9 45034.4 -265173 58565.6 -158293 -190361 
161287 85551.2 -117972 -44444.2 -12540.5 55136.1 246514 316032 88443.6 16014 182687 51231.6 -169857 261308 -130090 -108538 -121499 73999.5 -83633.6 -119976 -180324 -366245 -18367.4 -134474 -66933.3 -126744 -48433.3 253698 129076 30984.3 -116835 179954 154110 -92580 314877 136500 170562 -95766.7 -42777.7 -178243 -90842.6 -242807 -153244 -288522 2199.39 -197012 109468 -159874 -31652.5 300320 -87838.7 -276420 115962 28271.5 -264688 -277824 190740 -40381.1 400059 -116774 31327.3 -42560.2 203019 -63639 
-273888 61386.9 -254502 -144645 371810 378457 48109 115775 -295315 -60636.5 257704 103274 -190044 -59053.2 -14361.6 31112.2 353438 212367 -96309.6 241908 -189866 -42103.1 14787.3 321674 -34151.1 -153922 -6205.98 -168928 209278 -262380 -398248 -167950 -217428 78442.1 -40439.7 263070 419877 34370.9 13410.2 -177166 -62672.1 224831 -74086.1 105207 -77234.6 -366970 -51621.1 -71724.1 -90582 -12642.2 -20519.1 -96405.4 -170360 -123334 -68183.8 193202 -170698 -152022 162174 -373267 178150 -215544 -125907 -72624.9 
-234093 247423 273336 3496.56 96390.1 -70576.8 -134768 85402.4 107390 -19533.4 -289367 141401 101549 -171684 15504.8 125741 7672.11 118257 -336765 173326 179826 -102669 33095.3 71631.1 269218 82897.4 -190342 267389 41611.1 -174665 158397 -19928.9 -2888.7 200377 -17737.8 -118031 -242901 -338894 -416850 425160 63581.9 -107844 -75959.6 -237395 79677.7 23415.6 235012 94098.3 212391 -6093.56 49703.7 138617 -145108 -22059.6 26988.1 -80126.5 224147 -340019 38401.9 8215.77 -288346 208060 -162571 -76369.5 
279301 -216299 367829 -208997 207977 309817 -265863 -229781 94648.2 -36883 -37262.4 542877 183998 104290 -71225.5 -301250 -114275 18428.8 -244529 -12696.7 9833.43 201073 -110630 -10877.1 -456320 231728 145326 192260 -75407.5 -385868 18160.2 4640.54 178419 -62212.3 82301.9 -11995.9 -220426 273832 249885 -679.381 392511 -55393.9 43545.6 -118512 -48848.7 -21.3594 342338 -32217.2 -158766 -35364.1 12897.3 69355.6 177282 107430 -209796 -120278 421241 256483 173997 -58564 28790.3 110828 -444600 -194623 
224194 270983 -175033 -200655 -95580.9 13173.6 -147018 278486 -132225 -74346.1 228854 -186453 -322766 303078 -82607.8 9854.62 -96559.9 -130117 268452 59294 264083 9617.5 36360.8 -22247.9 -460140 -7002.09 92716.6 98504.7 -169832 135460 1759.54 -229716 35573.3 17321.8 310036 116286 477617 -32601 8194.7 136541 166359 216259 -131500 464500 407094 -11957.2 -21242.5 196585 -60551.3 120887 -104894 -129816 205687 110671 -116109 -296641 38591.8 294813 -90090.8 9329.71 -101282 143864 -2213.84 79079.6 
22936.6 -114416 237673 64110 165633 -3331.23 -8196.72 -513111 81890 -119842 -107573 -328367 -143575 -166478 -49053 -116239 110820 -44828.4 -247391 -76471.7 -10779.7 140738 -69951.5 101726 -183443 -108390 238070 -267233 356020 -192781 204921 -15172.4 415999 -63195.1 -185942 -85792.5 -104369 65588.9 -246966 -88503.3 35414.4 -90921.4 -98745.9 -139711 -44717.2 273274 -42896.6 298228 24599.8 -7403.13 -156722 -248097 237688 -193086 -132863 426944 99725.7 350195 -191082 -78865.6 65997.5 -234275 188059 53361 
-187073 156885 131902 -145529 108059 -15358 110984 -255409 342450 -252882 -246798 255580 -194158 298593 87392.7 43688 119022 193047 80853.4 -34465.7 6259.99 116753 47314.8 21491.6 291247 56922.4 -192947 27709.7 21190.2 -302966 168983 -3944.14 -273328 36015.9 188928 -88993.6 239814 -306241 -147333 216603 64310.5 192990 33297.9 -18646.2 234934 -158278 -148925 6960.35 111004 -19920 -313920 -273065 -290982 -133150 169898 -175821 -51691 -107190 -131342 55552.8 -12772.3 242677 -81538.5 -149191 
-134086 -7153.3 126475 -172077 122987 163928 350662 296176 -133715 319605 -138678 207714 -21693.2 173763 305526 141230 -74773.7 839538 -336903 -628.844 -232631 -315170 -6017.39 170261 -166397 -20947.4 -101778 -120588 117540 -250897 -356608 -166788 -22430.5 62178.2 216173 -290756 233439 22779.9 -257824 -114936 -133226 278635 -272093 -189329 -188649 152509 145634 120542 538274 378079 188176 67464.7 19142.2 1803.94 -146452 6011.81 65833.6 9979.05 53639.6 316515 14335.4 -160595 -7151.6 -208413 
-119317 213482 -310907 337746 -211020 -1134.32 220580 245241 -130393 133311 120381 88039.8 14817 129081 -214269 144584 -131923 168437 304863 36697.5 -118684 24217.3 75314.2 -200681 50425.4 111646 -60772.3 -23491.4 59069.6 291615 -93197 -148733 -26073.5 166828 311211 40565.8 237754 -336278 75055.5 -43270.3 39070.2 151015 -142604 -260857 312835 146580 -112692 -229757 -26508.6 256701 -43325.6 -68448.4 186716 -64766.6 343674 -385868 79231.9 -249107 101312 248135 -46160.2 -45468.9 -33423.3 83480.9 
-126385 -28327.9 143604 176487 -2454.24 -242455 -22056.5 -9534.44 -102683 -54765.8 85868.1 -73538.8 -44670.8 -191464 184584 172715 62734.8 62793.7 -89586.7 22092.2 204342 209328 58308.2 -71032.9 114212 -124947 265704 -226983 77747.1 -215761 -1990.21 93950.6 -72155.8 220149 -94173.3 -165918 200560 170692 -151018 -71361.3 114543 -289627 239480 351247 -132991 -68644.3 121961 -217263 2494.28 -279486 -35765.1 -7269.79 -165261 -62048.8 42438.8 126793 149138 28454.9 43222.4 -171768 -311909 -39271.2 175851 105815 
Expected Matrix C:
265900 119489 148487 -247249 75104 -17066 168404 177066 177326 -188973 -207795 377895 10918.1 280244 173684 79418.7 -44526.9 -72416.5 2518.09 -89921.8 -25135.3 -29714.8 154522 -302599 -356402 -99194.2 96461.2 83480.9 -112279 21261.5 53279.6 335.135 -59363 123947 368558 -110187 144175 232033 -424.463 -86741.1 324229 -70583.2 13925 146683 14504.8 -314284 57270.9 41717.2 26996.2 30000.5 -244013 -176679 148698 274116 -148316 -316492 284059 177809 -421234 92342.2 181273 -15059.7 -200121 162473 
226662 -3999.32 -234145 9548.1 -155088 99661.2 122274 -45878.2 -145434 12453.4 5878.16 -151197 -197423 181223 -112086 -3580.55 -14114.7 138975 127582 -170693 -242390 -8382.78 -67683.9 -109621 -157186 -234808 -247503 -34062.2 -94991.6 232733 -300152 -39024.3 -154250 -136132 -233432 -201721 90587.8 -103692 -90804.4 -184333 -200294 -124207 266722 69233.6 54758.2 -16112 -209711 -317204 164635 91662.9 -30817.4 106549 -195547 -570432 -298494 93188 6438.83 109259 63605.4 -203087 74451.6 211234 306755 162159 
35481.4 86094.8 31416 -6850.81 -223794 -76866.6 4487.31 147278 83261.6 34380.1 -29066.6 154401 -190132 234791 62578.4 -31249.6 -54265 147073 -51457.3 385767 -62970.4 10009.8 167096 107852 -436168 -176911 -34186.9 3974.59 115966 -74035.5 -128462 45594.4 -3286.57 146200 162178 127882 -102675 91153.8 159721 -73535.5 113037 302382 139887 13772.4 301436 144853 -23273.4 370780 79977.1 105543 -136463 31859.2 -82310.7 -205970 -156719 -136577 76964.5 197478 337337 233439 189827 -110796 -12212.1 37323 
-42115 321483 -157338 -558012 142093 156754 -141754 -216295 40978.3 -87408.2 189263 179411 -185250 -75779.2 87303.4 138329 55669.3 -50711.2 -102515 124039 -327046 241548 66204.9 -232650 -353466 -1265.67 2807.06 178439 -124284 -204168 -127631 -84631 21015.5 6588.77 -218146 -164323 -37730.1 270109 131427 80190.7 -5675.67 222845 36599.4 -23583.8 6397.47 -27917.6 -78393.1 69492.5 -210135 70740.7 6672.41 333378 106788 162782 -93720.3 177353 -343313 49752.6 -115771 -99091.6 -82671.5 120431 -212918 -320647 
236025 -193500 374302 103379 -203219 -303817 132690 -401414 12669 -190851 201294 50030 -100354 23892.3 206091 -61865.4 -259332 128962 -43421.7 384636 7572.22 206330 -61934.3 139418 -239842 -332850 249931 -70853 -138070 -124959 -123954 -336775 -211234 481484 155478 -260740 112052 227312 23869.9 -296994 103133 113720 529855 285478 -130645 107411 50144.9 -34500 257760 -181518 -145613 63176.7 -403107 -224700 167850 196265 13974 -52007.8 135397 -254649 -16824.1 -44966.9 50181.4 202402 
65069.2 166112 103199 248315 199188 70192.9 333981 229286 -152182 16999.9 500785 36391.5 46038 451370 81792.9 -6892.34 -1934.86 196964 -128617 76231.7 -271844 -91492.3 180301 -253526 147534 -145741 -159305 159760 188714 -11808.4 6097.76 -85282.8 -147784 244213 -21985.5 -287178 -61802.1 209114 233335 136647 -157449 -206090 18679.2 -231321 -86792.9 18352.2 235631 -251307 203732 -1465.21 -145552 -186992 21995.4 5882.24 -114719 -210251 -31082.8 -229368 69459.8 110874 145500 -135215 73053.6 -106437 
94593.1 -15329.7 -94489.2 -7193.03 38492.5 132878 -266446 -145944 -16912.1 -7545.8 -87672.6 181610 -206449 -16760.6 -4331.58 -22814.3 -140239 268828 -187026 -38002.4 -7065.8 -87900.7 -141857 282276 -388975 178613 -12133.6 234692 2868.82 276245 -102615 42703.7 315173 80854.8 -143247 -53295.9 -118030 -32368.7 -187138 58138.7 -133474 91491.8 267246 63645.6 339882 -50591.8 -223662 151981 -318.195 179354 85584.3 -215951 50936.6 60508 -47760.3 196819 -216650 -88394.4 172751 42256.6 44205.1 101830 17365.5 150611 
-131625 27662.9 -68392.8 -288.888 336965 213881 136414 -310643 -105604 -315440 132631 -163566 119319 215490 -93668.1 -119117 105114 -68330.1 92645.4 276816 6104.14 -21245.3 133524 63055.6 149298 66691.8 92350 -264885 -63759.5 126337 488085 -130361 -82721.4 -101060 38438.4 264528 113924 68993.5 -58146 27807.2 496485 95418.7 216374 193938 2818.56 -285565 -302178 40016.1 -389907 -212370 -247263 -402721 -106197 140852 49421.3 -296844 -238090 126667 10798.7 -231948 126401 -13897.3 224819 -127541 
-153949 145339 -65250.9 47092.5 121947 -183660 -32569.2 139029 -167617 84000.4 -337757 18167.8 21928.9 132004 127964 69413.7 -46540.9 281830 -70652.9 168185 292684 -3613.27 -128077 280455 58960.1 173128 -15452.3 70657.9 -183869 201769 -39284.1 49286.9 90437.2 13547.1 202817 -188550 98559.5 -219121 -149743 208773 -12207.2 -27943.3 -12292.7 65943 33185.5 -282596 -336155 138272 -103349 17016.7 95665.2 -58785.7 -420395 -34846.7 -233322 -174532 -208394 -276562 116726 2654.01 -17324.3 100402 -79173 213382 
-424440 280218 117541 -194425 137399 -147108 351307 -78964.8 -1147.95 129127 -179175 -191340 -144665 38907.7 80607.5 317940 344354 -266148 308051 479050 -159233 -183050 -202672 -308863 273956 147660 265412 83994.7 145394 109041 78643.8 -32850.7 115089 2504.92 84831.1 237432 104139 161773 38977.7 -97746.7 17844.9 534400 -229032 45686.3 127359 -7698.67 -231162 343843 95674.2 -100053 99390.9 -53765.5 27422.7 163703 104786 -17132.5 138158 107903 -439901 56570 134980 -54695.7 -90020.3 -86756.4 
-62835.9 -78403.1 -303797 -27158.5 -129291 364152 -283837 197528 145473 2406.27 700.961 287233 47084.5 218928 -82301.2 -145898 53295.8 -202991 166944 -301545 121347 317140 -222173 125306 85384 88675.1 33949.4 -238458 102025 -212237 50413.7 85326.9 75693.5 -67702.1 -78759 132844 147382 -105616 171102 -26468.8 -200563 -329449 93766.6 -39594.9 -1629.64 -159548 363962 -62173.3 15505.3 -83912.1 160897 -95745.5 -95567.2 97831.1 151218 -180657 34764.8 -181972 263045 111128 40824.4 -252264 -8069.1 -43555 
58889.4 38703.7 -4899.69 128449 122683 88100.4 258086 -288369 -293934 -184420 423794 -171158 -51211.2 131728 -232800 -32929.2 295821 -108961 34640.8 98615.2 -215768 60193.8 125956 8533.95 -54628.9 -121036 -124291 25817.4 176076 37013.4 -38226.7 34581.1 -279212 -14728.2 -363799 -226180 -214868 238344 -74551.4 150115 169111 -201822 -52240 68220.3 114168 -113233 100196 102053 36126 -64649.2 -254442 58221 48938.4 132790 -4123.68 -135643 -101749 180763 48611.1 -168152 -2219.69 6608.89 259150 -54654.7 
180234 27421.3 94140.7 60904.6 -3880.3 31736.4 -107380 123075 165696 137386 330618 -175356 1508.07 -325512 -114416 -71112.4 -35313.4 -265627 226154 -295744 -57814.4 67782.4 -117174 -91360.3 214647 -250326 -140611 -190008 -147898 -77160.4 -104731 76799 -332548 -44432 42288.5 54057.3 -16570.4 -132064 255927 -106715 -184295 33106.2 -84073.7 391720 15609.2 199532 120987 -27225.2 156560 -147113 207652 -4391.19 145431 -101216 269405 388554 -56417.8 302000 -211849 -136880 -51571.6 -102972 -251286 191190 
-261869 63826.1 -242243 96181.2 146703 12428.3 -396278 -36144.2 71150.4 195820 6574.89 255691 -295822 -191622 -244379 -249099 -263544 -247784 -132643 304659 23094.2 146972 -121059 242790 -58668.6 327250 -195468 67852.8 46196 -150993 -29918.7 141304 361582 73555.3 -32926.3 22476.3 -21827.4 -280065 -136652 1721.12 231842 46669.3 -278392 -35424.2 206992 19196.4 -50080.3 108525 -58415.7 95867.8 254436 -195628 -347084 -304025 221982 355710 58643.8 -425485 458982 -307895 -58431.2 -89697.3 68917.1 18846.6 
164489 -36053.2 -237072 10309.3 -117336 -190983 -20526.5 -241410 -111926 87984.2 534659 -563260 23631.9 -98791.9 -285954 -277325 -68465.1 -154193 374478 -19052 -113958 -97498.2 -141012 70404.3 20079.4 54791.5 177525 -44569.4 256979 164460 -17737.7 124703 139623 98460.8 -37894.9 50281.5 109135 -79368.7 97676.4 -113776 17763.4 -237974 135700 -44278.9 -225365 499525 -35039.4 -189816 -213543 14195.1 -56200.3 -78566.9 93572.1 -131415 -30363.4 152180 -156816 -23976.2 240315 -239456 -11489.2 -119606 549902 6441.67 
-116608 49753 -79309.5 26013.4 53976.5 -87857.4 304368 47780.9 -143204 161728 -182231 -331876 -12693.5 -233835 27770.4 -278888 -27166.5 61023.5 13354.5 52481.8 84291.7 -62897.9 -140044 -156936 415111 176622 24487.6 -320881 114934 -78033.8 73058.7 228860 63434.3 33522.9 243796 -136259 -150810 -371381 -44004.6 -209349 120727 11215.2 -109821 36771.4 -315878 292320 86562.1 -248752 -21385.8 39880.2 228974 -24575 -279099 -138630 -22454.1 109517 -211218 -72851.7 -263211 -117552 285106 -100850 352974 -302331 
142004 -134525 -272171 -72140.2 19919.7 -111245 227563 45339.7 -69270.2 68951.1 -243034 203726 -301311 53800.1 202584 173072 157186 -65954 -292599 -81646.6 -167221 63658.2 152676 69617.4 -79209.7 -87004 -603.344 48843.9 -39849.3 -38803.5 -205182 217810 -116235 165715 20535.4 -34675.8 -127565 -23971.7 242699 -126594 -306608 205824 -107014 -184222 -161806 -562272 -314209 -68817.4 -223548 96524.3 149166 -90893.7 -38098.1 -113902 -66390.1 62784.1 -165465 -47792.6 12498.5 25285.8 170818 53476.4 -130620 92201.1 
169347 -122563 -248546 92878.8 -208184 -218836 -9237.85 186011 59184.4 49308.7 41060.4 -202760 98661.4 -324698 -85393.5 -132438 171978 -144446 -64230.9 -184192 292775 -259286 319278 239521 -71050.5 -228979 -116609 -1391.19 232807 211600 -17561.4 108090 -38331.2 21167.1 10549.1 422581 126862 -272860 128303 -97340.5 41277 48004.4 -144701 20713.5 7811.01 -15336.1 -310821 -91873.3 -208105 -14556.4 -268390 -97548 154203 39766.6 131678 150622 -72750.7 155977 200207 -86151.9 -113690 -36414.1 106964 155503 
-84975.7 105613 -39608.3 206880 -129679 -92016.5 111106 114762 -227761 -227045 87241 -418206 11866.5 -170812 -10953.9 332886 286724 43645.6 -4433.61 -84203.3 -296495 -12446.1 -190621 -139329 75356.8 23153.8 193038 -262590 121747 6366.42 135164 -23084.4 -240961 88021.4 -83418.9 87732.8 108957 -61443.7 -129799 -2008 -108642 -66523.7 103679 61926 -191133 33431.7 -121266 -308538 -20066.7 -40603.5 28770.8 -213601 120864 -309981 297938 347920 -136668 -184445 -69249.7 -89073.6 -266007 -213158 94480.3 275908 
230273 85224 22942.6 373571 -29620.6 -55419.6 -87228.5 395491 -6323.8 -160811 11664.6 -65731.9 123238 -198673 107720 -25317 -572.81 -2552.01 -235910 -389014 -476.119 105675 -268543 100071 -109649 -63369.6 -174704 -15365 93810.5 -78208.6 -295766 -292617 -47053.4 -39963.1 3921.64 32805.2 163147 -271626 -199686 242590 -390131 -65033.8 -162436 -49869.1 -20749.6 -74481 142751 -179901 180292 234899 80934 35291.9 160817 -149956 98221.1 51927.7 -5657.8 -250471 4555.16 229032 58839.9 -202447 -173368 177132 
-73998.5 -267229 -344443 -114490 -141333 82034.1 318311 -148013 -51856.2 -18793.9 338302 -289071 164833 258492 -254139 149244 -92326.4 90165.1 403828 -98271.6 -337286 -142346 19205.4 72928.3 -128837 -22988.9 70154 -268059 21429.6 157659 -216977 75065 139521 -111642 322715 -24492.6 256516 300535 192521 -328529 -275107 81535.3 -146244 161835 -456667 214533 81175.8 33557.7 -150666 264791 159712 1263.92 250361 578125 381764 20300.4 -129376 229925 -190868 -19152.6 108722 -467899 283813 -77006.5 
-58519 -199600 -38696 78488.1 48551.5 52770.8 122152 -487965 -387743 156528 197547 -283795 71787.1 178107 -291973 -156517 -98234.6 -338854 169632 347968 -74274.1 162874 -253996 -145529 -24565.5 103676 150152 10991 348921 131547 -20208.9 77271 -37511.1 164604 167895 -101385 -110217 238194 186126 -259145 200059 -154305 -419360 -92536.8 134461 215400 405516 -162794 84783.9 -36419.5 -152518 263526 128974 -187129 107892 201799 304343 -38496.4 -172308 19494.6 194372 -349029 167373 80813 
170765 262243 23028 48097.4 276625 123591 -456871 -116108 177261 -282191 295225 498.77 -191805 -198636 97773.7 -226384 99894.7 8061.86 -92363.8 110020 -117137 7648.57 168294 216729 -247282 -30768.2 -111061 9221.11 103718 -198915 -59508.2 -174267 -38075 178790 -170969 79577.2 -13766.8 -109111 -55414.9 159473 255540 349409 385075 33309.8 198285 -442214 14436.7 64597.4 -58090.1 46767.9 -302005 -161220 16445.8 -237893 -5751.65 95754.2 -170945 148876 247938 -174580 13012.5 216553 -232665 -131258 
229199 -327269 33419.7 -47038.7 27532.6 -136971 -37665.3 -70617.8 -72140.9 -44471.1 152142 -112654 14471.9 228824 -116021 -148996 23122.6 -277349 9128.13 244946 242333 -87605.2 -96998.6 168163 -186352 27851.1 161444 68526.1 110309 263107 -103610 117924 102267 282563 -73589.7 127144 -65387.4 -46123.5 21839.8 -81478.6 -73977.6 -385030 -66451.4 151348 95079.1 210894 -70352.1 241495 -110893 231221 -222662 -51238.1 -50105 311515 -123710 300591 -123046 -77234.4 238556 -65477.2 52873.8 -206638 115413 -43401 
-304327 87323.8 -104774 -88859.4 115111 129755 292303 -244128 160394 -4684.6 -25805.2 -152198 -317895 -22128.7 -158620 -312104 -140326 -74363.5 -7034.99 349806 -157374 -161545 -145381 -71696.1 274707 210620 81217.3 -180643 268610 85790.6 -46958.4 254173 34245.8 39038.1 12174.1 -3969.31 -272379 -578.404 34280.4 -116678 172129 190811 4128.2 -68905.1 -68553.7 -157215 -224224 184017 -108835 251703 -49042.5 -364666 -434055 -45754.1 98743.1 18779.5 -356894 -44135.2 -83198.8 -381632 288985 43241.1 157854 -398582 
-149085 -6689.05 268617 73640.6 -101188 134586 -294756 59749.3 -54098.6 -114449 185813 -72775.9 -4076.89 -317327 -151416 50762.2 -210139 178947 -71517.2 -63040.9 92880.1 208754 -228996 -74000 106193 3095.27 -30256.8 33054.3 27061.9 -277087 -135897 -22901.4 -108511 181.246 -120371 -63.0908 330870 19432.9 -35886.1 123292 -157308 -231772 94433.8 62505.9 55468.6 198206 -4732.86 -116991 -63520.6 -100008 14990.2 310535 129175 -169494 131961 -167087 105700 -157722 14022.3 -172827 -120670 118350 -219369 56593.9 
41794.3 -148751 125012 -103637 -74708.1 -402697 88147.9 -123895 -16970.2 -232385 -86667.6 -117166 114210 286572 381416 207995 95919.3 164400 72799.8 360460 -180690 99606.2 23277.4 90223.5 -125171 83663.1 181376 153919 -366629 182851 -164326 -154895 12966.5 -75141.4 62559.3 -384920 138536 188543 -12317.6 -223374 138787 72450.2 342878 37750.8 -50429.8 -290342 -152690 -50939.8 -110996 218650 115731 182912 -103515 316110 -297360 -151035 -85989.4 -56690.1 -79030.4 32958.1 -46370.6 258607 104236 28718.4 
74389.9 -50411.4 -512629 -146127 -132916 -241464 304237 239809 76388.5 97512.8 42122 -156643 116580 243448 44972.7 -87386.6 -13896.4 129286 176970 -43567.8 36863.2 -72401.4 -69223.8 -137269 94715.9 34506.5 187675 -198833 -196909 221288 -31638.4 162204 21583.3 232621 138672 -31444.3 -304687 -91331.3 -43098.3 -220999 -58643 -266214 -126719 109781 -538008 -46938.1 192445 -61359.3 -84710.6 -64469.6 223485 -412150 -297055 41542.7 -198398 -86859.4 -173247 37278.2 -155687 -170227 67406.2 -133383 370593 250537 
-161207 61481.8 73103.3 183210 77957.6 -163847 -116190 -360394 -136339 156429 155213 -70931.4 70515 -197582 -5959.71 82542.2 -16607 -27313.5 -26936.2 106879 -61006.7 -33195.1 -246106 220927 -90638.1 47796.2 128404 188893 184885 332132 121841 -404510 181308 30328 -273547 -24522.8 47860.7 -45535.5 -208634 98685.3 216155 117106 38442.1 -3688.84 148686 376117 90925 282215 134486 -110810 -48822 -220271 113583 143643 368120 16170.8 112558 -230764 10139.7 63345.7 -155762 -200917 155881 -105983 
-25257.9 90590.1 213073 -224087 -68754.8 80431.4 -264303 -317590 392891 -25092.7 -237081 267431 99552 -331149 -68750.2 -96670.6 -115433 23051.5 235891 -410478 127090 217087 71444.1 117257 -94980.8 -120086 236027 -180343 -544869 -148840 144749 -90047.1 19013.3 -282659 201561 109492 8498.77 210649 87732.9 221489 348526 -61085.3 130244 205751 -14958 -282204 89841.8 -30155.5 -34527.1 -28491.4 -22630.1 -72645.8 -100593 135002 285824 26247.8 -27864 211763 -236107 -196168 -271860 126768 -360010 318784 
-89482.3 142241 100266 -155670 -39214.3 -110297 284783 134958 -50620.3 -125827 -187113 -315849 -155685 40943.6 -64912.7 71916.4 230730 80105.8 159743 -187827 -98018.1 -277418 -288500 -318292 438229 450742 239499 -51544.5 187899 -90167.7 35968.8 275137 -69583 -270702 39169.6 86890.2 -316603 98690.9 -21317.2 59577 116897 69168.6 -28348.8 82627 -123040 -109846 105561 -80097.9 -211106 86843.9 124454 86737 110126 284753 -204785 -251112 156437 101674 -285110 -180640 100664 195567 156435 -401937 
-299366 5994.85 -145407 136581 181711 135514 115582 195337 -269252 191416 162932 45843.8 189335 54492.9 -339596 60485.5 70935.2 26558.6 21064.9 25691.5 -13723.1 64833.3 -179219 -29398.1 336615 224004 -145836 293693 78031 84108.6 -14709.1 -213491 -348793 -110667 -258224 -10346.4 182448 -396061 -124992 209469 228044 282.63 1950.39 37328.5 -184433 38235.2 299758 -157282 5262.1 -100945 219758 82162.5 24651.6 159985 58943.3 -761329 70799.8 -155286 360352 -163234 -106934 248164 -72568.1 -393912 
-565134 -236828 571722 87214.7 -159202 -65031.4 173693 36003.4 126760 -2722.62 -330387 -247794 313812 -226031 -34302.8 -66175.9 44496.9 368297 -226473 261529 261238 26073 21644.7 -111226 202424 83734.3 199968 -63559.5 -171259 145306 -16735.3 -256807 192791 -86860.4 265603 77033.5 -136784 186158 -171073 -16382.4 311865 105892 -19249.4 246329 11280.3 103582 50294.7 65179.2 396320 354407 130244 -1054.4 -382345 77739.9 -9421.74 109729 360956 203796 -188086 44528.3 6274.99 8821.65 67088.3 181431 
-332480 -70546.7 -21319.5 267777 315993 -277580 -46178.3 -166977 -143243 54491.3 450114 -266518 -198904 21848.2 -351469 312242 423238 -120564 58880.4 433274 -206849 -50055.1 210235 322190 148379 46373.6 -306564 -137746 249407 146909 15901.5 -79042 -10709 -130809 -452919 229238 122017 94130.4 276000 -137438 -155964 272369 84875.1 -2280.01 148316 -75300 -185789 201813 -83533.2 -67917.6 131016 383703 96008.4 -9050.27 70368.8 245930 -52107.6 -25388.3 424752 -158182 213083 -304874 179402 -42812.4 
-122156 -280368 -211971 -95541.2 10862 18032.7 -156096 -98624.2 180805 239638 204332 123564 245059 331449 61573.3 -158018 -163687 116754 -23921.7 144174 -88280 -35425 160472 408091 -79702 -12251 -426318 86125.1 6747.77 181279 47837.2 288133 143494 -156094 120710 -153357 296426 33295.9 204092 -102492 -209820 10953 -33436.1 -92928.3 -80804 -47029.7 -157564 92887.9 -984.089 -129629 127353 -380248 -33566.3 -103174 137896 -218257 -32449.1 -150792 273373 124926 95341.2 -92468 67987.3 312631 
-306740 163575 -99886.2 9514.12 2932.61 82936 -385330 240022 204153 15449.7 219265 -189015 -107892 -282077 47837.6 -1731.49 -163916 140073 101472 12814.5 62390.6 -244875 62574 250232 77704.1 -30548.4 -133357 19963.7 -69720.3 111944 -45374.4 -475.255 -148128 135390 -226688 76022.6 89323 -81627 -203343 176878 160164 49568.2 278000 87119 -23969.8 44325.1 75352.6 276689 124320 -112630 164003 58417.8 -244555 -71443.7 177193 -235403 -357064 43360.5 217927 -43734.6 -66053.2 271336 99893.1 -94689.7 
-179226 111588 106578 -180559 -3636 -170979 3981.56 -42947.5 155262 2997.85 125240 -101351 179345 -73195.3 -68907.3 77222.3 64842.6 -151548 217226 76351.2 42324.5 57004.6 -276321 -5868.01 390551 211390 13513.3 83221.2 -83055.2 168236 171299 -40213.3 56393.1 -120994 356822 153561 -147894 34003.1 159284 285343 -54843.2 -17358.6 -42610.6 25520.6 -43861.7 46695.2 41949.4 1020.62 -51144.5 -9860.64 55883.5 -221938 -240253 131661 184600 111063 27920.4 -234073 213682 -184453 -157564 -153683 641.599 122521 
86119.6 349351 42341.7 -37273.9 141573 -87343.1 -206845 333842 245740 105234 -119453 357610 -217605 -207931 129112 -143130 -341704 337894 -252534 98767.7 -33986.5 -273965 258662 -135450 -156922 -124147 -242255 148387 -43485.4 -82597.2 -46445.4 -99866.5 54862.8 503541 238184 26059 -126244 -47907.1 -176553 -76762.4 100024 224299 182304 -103149 44798.9 -41351.6 -205344 56039.1 147126 -24953.8 -126413 -249986 -491258 -348518 82237.3 161890 3467.51 -305099 131378 -110825 130350 15758 -73518.3 46851 
-132267 -143602 -129928 10751.5 167130 12306.8 91697.2 -114310 -126959 2430.9 410355 43872.6 -246371 40732.4 -256278 138175 35614.9 -228087 -114665 49499 67941.2 -183054 205460 63191.5 122750 174919 65507.6 39458.4 154041 123637 96484.8 99378.2 60338.6 179948 23255.1 343305 -16648.5 24457.8 274017 255028 -206198 -52901.7 -114813 -18577.3 95193 -195999 -302522 -39463 -289141 -60186.1 -127356 -48850.7 120469 114990 -67586.5 13488.5 -33391 -74020.8 315021 -50638.7 -87943 -160214 -77260.8 54707.3 
-147497 207460 -108737 143069 -84168.6 108668 -163399 -136938 -3325.87 -107280 -77350.9 -50172.1 -123613 -22138.8 -217602 -6814.19 -79793.9 312543 -84289.4 -417103 285828 254659 104032 82082.7 -130855 347943 159237 -61650.5 -59029.4 -249238 123716 152630 414390 -136845 54114.6 -175824 40042.5 -23521.8 -165062 518874 153791 -230052 -44468.1 47510.4 45560.3 -125934 -44815.3 -111152 -216308 315030 165321 5878.43 16649.9 361456 72751.3 -137910 156296 171310 221775 -37790.4 -282403 230152 136591 -161368 
259789 -45088.3 38489.4 130205 94053.9 -56110.6 -176496 -51714.2 94103.4 -71204 -76718.7 197746 -228991 16320.1 268837 122347 -53564.3 -71199.6 49132.8 30752.6 -189379 154513 138542 278775 -321404 -334938 154394 7116.63 -128415 -142368 -357672 -122012 65748.8 156361 12480.8 31234.3 190487 211764 5606.27 -215887 -76833.5 108689 -33083 4559.24 50790.6 -43899.1 59113 78485.9 107955 47875.5 49212 -13864.7 178924 200554 184444 292989 -86654 -58492.3 -175930 -17483.7 -19400.1 160107 7674.89 217564 
-50385 173221 212134 -7031.98 -2355.17 31426.2 16048.8 47238.4 319698 105082 -146723 155561 159062 -67312.9 287478 -199726 -191624 -94209.7 180954 81416.4 121679 -222430 -214576 23242.7 54801.6 160498 42090 25785.1 -127905 150868 215277 -107573 28788.5 -34551.4 128716 -89267.3 -82250.8 -156783 -206736 78998 289336 278983 308198 66997 9998.32 53167.6 247575 260472 288068 -162017 -110350 -288087 -66113.2 145921 258210 -252104 48294.4 86287.1 -320762 -25311.1 139955 188299 -58959.8 -78745.9 
62060.2 405339 56270.3 407848 117013 -320199 -155741 2724.2 -263234 -161477 -99114.6 16420.1 -407416 -168533 -235996 25889.8 334642 153579 6675.25 -342516 -73161.2 12996.9 -12895.7 148314 -97243.8 13298.7 273253 -110418 248634 -325351 -63790.6 -258222 178872 13199 -318870 164975 4243.13 45131.7 94760.5 1090.65 13342.1 -56928.4 74176.3 -224075 326916 40118.9 6285.4 84955.1 -39863.6 9882.18 313750 58943.6 148866 -197787 9886.74 131524 121298 -269294 330748 81027.9 -210926 134671 270975 89736.9 
6311.05 3101.72 -97702.5 -78547.5 -88293.2 -183230 232353 -180484 -215136 70197.3 -61296.2 97700.3 69999.4 56817.1 71686.1 343880 69197.1 -47714.5 128223 -218654 -89563.5 -10975.5 -148435 -182060 -198009 -116009 -164899 27022.9 54751.5 200813 -102989 -50845 -124819 -139353 -99173.2 -382819 -58419.4 -46894.7 127022 18175.1 -338014 -59249.7 350404 -37202.6 28488.4 -79714 -39181.5 28680.3 -48038.3 -136744 252956 152193 316246 -58592.4 156256 131371 178289 136976 219798 296767 -411564 86255.1 -43774.1 240789 
50671.3 196304 -99172.9 141336 8108.74 72571.8 145173 167253 22512.1 -385790 354436 92509.5 -198145 5363.08 -177545 308243 -51801.3 36587 -253367 66796.5 -31669 22383.1 -147442 87216.9 -163786 -237982 33514.5 -136543 108735 -190667 -201337 -177837 -59601.4 324309 67039 346513 338825 -95046.1 56475.8 -124118 -424698 73828 -288660 -185536 116690 119731 183248 396655 -328803 44681.4 -17595.2 -22338.6 222662 -181475 305342 39138.2 -67151.9 -60749.4 211251 -67897 -187839 -354028 -213379 -140011 
233068 145915 -44387.8 244477 -104615 -279874 96623.6 -63059.3 114813 -229651 -309074 257278 178933 -142667 -45147.6 191756 233676 454493 -322024 -174243 -71216.9 72726.7 158807 120092 -40786.1 -50852.8 -201409 264503 -268309 -217933 85110 -132350 6830.03 -37844.8 -102354 -22181.7 -317888 -161650 -154428 87150.1 7550.08 190384 -225951 -147413 -196843 -50819.5 28053 -76617.9 -22618.4 93171.3 -106583 -129620 11509.3 -18044.7 45691.3 154624 129079 46962.7 32166.9 -162029 -249521 187768 -94003.4 -33552.2 
-1451.32 -170373 69747.1 154780 153660 269198 -195533 45414.6 -146576 -236336 -365430 -552815 -8089.72 -222777 144611 -270905 1940.34 131249 -100714 154982 138972 -13908.7 -108161 -260150 295779 460501 54973.8 112164 251006 27046.9 -60184.6 91348.1 185343 -198129 -259716 38295.4 -124181 113282 -87549.1 -171456 28259.1 82898.9 -13980.7 161128 85738.5 -19725.3 -233375 -159350 58268.8 113592 81703.3 -110026 -169492 -81063.4 -195931 403387 -50521.3 -85492.7 -388764 -49959.4 180560 -4619.71 389180 -166421 
1490.64 -72123.5 233039 156754 -13744 -94426.1 -156151 43248 -127211 -28125.2 -115836 -121582 40032.9 -363026 -98248.7 373373 86698.4 249011 36028.1 -54742.2 -19918.2 38470.9 -26395.5 107404 72880.9 3708.4 -111293 112004 17264.2 -133953 -202198 33461.2 -68409.5 -163915 -181738 87893.8 23338.5 -170670 -40665.5 191833 -131504 -143126 159463 40734.2 -26635.5 362423 -145076 -172564 -155655 -149780 83153.4 245319 122824 5564.06 130384 91899.9 250015 73783 80055.3 -185694 -247458 16801 -116594 -80193.7 
-173567 60889.6 5139.58 205809 147767 59295.1 -94999.1 76502.6 -226991 -3198.58 -125048 -28551 -188291 -97996.4 79667.4 288961 145957 114744 116631 123570 -34556.1 14126 132678 153936 334484 82326.3 60441.3 -274104 -54722.7 -171025 -120506 6017.44 -437250 254675 -68235.3 177221 398893 -173565 -287491 107259 264536 211873 -208986 5310.82 58509.1 -184735 -193440 -78342.9 -63487 -195824 5954.29 206862 -224052 -114063 282015 -22923.6 120047 -178218 -247555 12068.2 -143332 107065 -10785 -12676.7 
-11966.7 146279 209253 -325620 82417.9 110054 -14309.1 -51722.1 -46289.2 -193068 -153201 179791 -1691.22 25084.3 193992 167863 -42275.8 298081 137012 -180171 -85151.4 -156868 -305034 -85904.8 140826 197724 95217.3 254393 -87857.3 119067 38785.1 -157456 -172069 -155285 111761 97780 -55631.8 163924 84854.8 193659 121930 21776.9 279431 278210 64407.5 149291 77754.2 68286.5 41752.4 65622.1 -129553 -204019 152155 470483 -121897 -165072 -67020.1 -42010.7 -338661 51806.3 94427.7 -30413.4 -121760 -29272.5 
-162953 -173525 115308 -374054 -7331.07 -56590.3 284234 -4052.26 310788 51114 154577 105472 339015 191042 -45009.9 34713.4 109459 -247739 -72455.8 -46476.9 108994 -62283.6 -7477.47 -179389 118959 -30041.5 -167547 9405.29 -277260 348042 142515 -50788.7 -185526 -104224 5715.5 -59995.2 -325383 199951 373418 18676.2 -95551.9 -205243 -53933.5 63789.7 -179644 -109156 392474 78177.3 163231 -33945.3 -33085.4 63183 -170381 117803 -14778.3 -74190.7 -18327.4 155791 -48060.3 12099.5 115495 -195420 -129813 -5413.38 
-65734.5 81925.5 116287 -4916.54 -183959 -142599 258738 72400.1 -262580 101989 12475.1 -411867 -158155 -149991 38507.6 -95086.4 320456 -62041 298178 143435 90241.7 -213180 -5590.3 -13344.5 -93437.8 -250145 353906 -65010.6 23416 252451 -151224 -338096 -145957 56704.7 -186580 148392 -31840.8 74643.1 -101849 -71884.3 224804 -32712.2 113677 21689.5 150343 18358.5 -67181.6 112491 308033 46151.9 -33840.9 269215 9953.53 269819 181323 -162900 -111201 13096.2 -74846.5 20629.9 261307 89434 361043 -44910 
78912.8 -343328 -103044 80253.4 -162318 195735 -51001.2 269794 163106 59040.2 101139 106666 263352 156001 -197799 -142389 -594228 225704 -318231 173652 -209207 27763.4 13483 34649.3 -34820.1 -23552.1 -298685 202009 -29994 -278103 22086.5 -121199 -17760.3 82972.7 188117 -124811 -43217 -140331 -110997 -365484 -21851.4 190982 175942 -19177.7 -315744 454906 13433.8 -268177 -66587.8 68409.8 29594.6 -140827 -21367.8 -586201 -146518 1008.07 75851.8 -23313.9 183078 -247235 20764.8 137327 -426497 -209940 
247931 56529.2 -106222 74415.6 -79047.8 -73147 95651 -16058.7 -55987.1 -144238 -170535 53011.5 -7377 150401 -128918 319326 139056 -166318 97381.2 -113271 -224798 -4224.49 -128971 -142501 76399.9 15824.4 117758 145406 -92684.5 -142831 -148437 152385 -331418 167367 -214296 99198.9 95675.3 -221016 -52352.4 80004.2 -82300.3 -94459 -158063 -183770 15133.3 -264424 9645.63 -11310.7 -176137 119655 -101407 224035 198825 39510.9 117291 -281695 158486 88922.6 -14549.1 44962.9 -265205 58603.2 -158198 -190392 
161248 85586.6 -118008 -44408 -12500.8 55097.2 246511 316059 88377.9 16015.3 182750 51249.3 -169849 261383 -130142 -108471 -121466 74032.2 -83625.7 -120004 -180320 -366253 -18334 -134446 -66963.2 -126688 -48516.6 253707 129047 30965.2 -116859 179932 154153 -92565.3 314880 136459 170627 -95854.9 -42750.7 -178218 -90874.8 -242807 -153254 -288528 2227.42 -197055 109442 -159842 -31657.8 300369 -87770.5 -276374 116000 28289.3 -264617 -277817 190760 -40410.1 400089 -116814 31325.8 -42555.5 202995 -63639.8 
-273879 61399.5 -254502 -144600 371810 378498 48091.1 115759 -295223 -60640.5 257730 103191 -190039 -58983.1 -14353.3 31059.7 353357 212372 -96294.5 241911 -189875 -42089.9 14815.2 321753 -34135.3 -153919 -6210.63 -168966 209346 -262336 -398287 -167980 -217379 78498.6 -40402.6 263074 419885 34354.5 13339.8 -177184 -62684.4 224874 -74111.4 105223 -77303.4 -367032 -51606 -71701 -90519.9 -12591.6 -20510.5 -96497.4 -170388 -123340 -68124.2 193186 -170692 -152029 162137 -373285 178133 -215605 -125928 -72534.9 
-234078 247481 273335 3446.01 96360.6 -70559.1 -134787 85452 107391 -19491.5 -289318 141460 101558 -171650 15479.3 125792 7650.5 118311 -336707 173374 179824 -102689 33086.2 71571 269184 82914.4 -190325 267461 41637.9 -174658 158443 -19916.3 -2837.41 200481 -17649 -118035 -242891 -338909 -416899 425163 63625.5 -107862 -75978.5 -237386 79680.9 23506.5 235034 94094.8 212458 -6154.42 49624.3 138562 -145129 -22046.2 27018.8 -80101.6 224197 -340064 38360.2 8177.18 -288407 208063 -162587 -76345 
279342 -216315 367887 -208895 207888 309788 -265785 -229761 94549.5 -36868.6 -37188.9 542827 183992 104200 -71317.1 -301308 -114254 18397.2 -244460 -12737.3 9895.13 201017 -110602 -10914.1 -456238 231742 145349 192287 -75466.1 -385810 18183.3 4678.66 178351 -62233.3 82352.1 -11915.2 -220419 273904 249873 -659.287 392557 -55396.2 43534.7 -118499 -48874.2 104.034 342281 -32260.7 -158783 -35508.4 12858.2 69312.2 177272 107371 -209821 -120264 421165 256429 174046 -58535.7 28752.7 110815 -444553 -194699 
224183 271014 -175048 -200688 -95602.3 13109.2 -147001 278467 -132217 -74260.5 228930 -186438 -322811 303126 -82638.6 9831.97 -96633.1 -130124 268468 59289.6 264071 9671.58 36354.2 -22207.8 -460136 -6981.3 92723.8 98566.9 -169800 135472 1727.48 -229714 35660.4 17385.5 310002 116220 477726 -32518.2 8181.21 136489 166341 216207 -131586 464558 407096 -11966.4 -21275.4 196549 -60566.6 120880 -104874 -129876 205706 110668 -116074 -296656 38631.8 294778 -90041.7 9346.03 -101362 143770 -2187 79134.9 
22941.7 -114418 237711 64104 165725 -3369.47 -8252.15 -513125 81952.5 -119842 -107559 -328377 -143535 -166571 -49044.7 -116290 110856 -44848.3 -247391 -76561.7 -10778.4 140750 -69915.2 101731 -183429 -108392 238045 -267316 356008 -192753 204992 -15207.4 416041 -63236.5 -186002 -85768.6 -104328 65558 -247008 -88447.9 35411.7 -90935.7 -98718.8 -139651 -44699 273271 -42955.3 298183 24633.9 -7443.32 -156665 -248108 237743 -193035 -132809 426973 99707.5 350196 -191107 -78756.4 66021.3 -234327 188042 53423.1 
-187110 156909 131815 -145491 108064 -15360.5 111014 -255528 342445 -252895 -246722 255575 -194205 298666 87387 43715.4 119065 193022 80840.2 -34476.6 6101.42 116770 47301.8 21406.1 291252 56824.2 -192918 27605.4 21158.8 -302991 168991 -3976.45 -273308 36014.8 188925 -88985.9 239769 -306236 -147274 216627 64317.1 192993 33322.8 -18647 234952 -158424 -148921 6949.1 111000 -19907.2 -313984 -273018 -290998 -133112 169903 -175847 -51699.7 -107168 -131361 55520.2 -12807 242667 -81550.6 -149153 
-134072 -7148.98 126415 -172016 122952 163984 350638 296175 -133730 319568 -138575 207704 -21764.5 173682 305576 141259 -74787 839526 -336867 -667.245 -232687 -315258 -6024.01 170234 -166358 -21036.5 -101809 -120650 117596 -250949 -356636 -166804 -22372.3 62131.5 216216 -290692 233466 22723.5 -257802 -114934 -133229 278616 -272080 -189276 -188682 152512 145593 120563 538235 378044 188170 67341 19229.3 1745.92 -146389 6041.19 65792.2 9975.93 53682.6 316470 14391.4 -160569 -7114.45 -208461 
-119342 213476 -310987 337776 -211113 -1097.25 220594 245243 -130426 133323 120289 88084.7 14814.5 129193 -214234 144647 -131927 168484 304828 36760.1 -118690 24157.3 75406.8 -200646 50299.4 111607 -60741.1 -23443.6 59131.8 291665 -93171.9 -148754 -26033.4 166887 311231 40617.9 237838 -336344 75026.2 -43329.9 39112.7 150934 -142564 -260973 312857 146632 -112646 -229678 -26448.2 256765 -43427.9 -68416.1 186731 -64665.3 343622 -385886 79322.3 -249061 101356 248172 -46153.3 -45461.4 -33413.8 83509.5 
-126398 -28266.6 143569 176455 -2416.73 -242448 -22027.1 -9625.31 -102725 -54800.4 85885.8 -73584 -44716.8 -191441 184514 172725 62729.6 62839.9 -89576.1 22102.7 204307 209352 58237.3 -71006.2 114231 -124962 265712 -227046 77802.3 -215722 -1985.66 93986.6 -72187.1 220194 -94232.3 -165944 200566 170664 -151033 -71372.8 114515 -289613 239552 351223 -132968 -68736.2 121984 -217268 2520.35 -279474 -35783.6 -7197.9 -165254 -62067.1 42448.6 126718 149129 28497.3 43234.6 -171848 -311881 -39277.5 175884 105798 
